-0.040749
2.2001
-0.88153
-1.7638
1.4996
1.202
-2.1197
-0.2103
2.1073
-0.631
-2.0923
1.4697
1.4996
-2.0103
-0.57514
2.2622
-0.069062
-1.9556
0.90797
1.6801
-1.5168
-0.96476
1.7406
0.44425
-1.9282
0.15809
1.7406
-0.85375
-1.4893
1.3801
0.93722
-1.9556
-0.49123
2.0457
-0.46322
-2.0376
1.2612
1.4996
-1.9556
-0.77034
2.0765
0.015944
-2.2836
0.90797
1.6801
-1.7638
-1.3516
1.8012
0.30084
-1.7912
0.5018
1.4398
-1.1032
-1.4618
1.8012
0.90797
-1.9282
-0.32291
1.9231
-0.35101
-1.709
1.2316
1.4697
-1.6815
-0.7425
2.0457
0.044325
-1.9556
0.61725
2.0457
-1.5992
-1.2965
2.2933
0.32947
-2.1197
0.5018
2.0457
-1.1032
-1.3241
1.7406
0.90797
-1.9556
-0.097352
1.8012
-0.60308
-1.7638
1.1429
1.3801
-1.4342
-0.46322
1.5596
-0.097352
-2.1744
0.73316
1.7103
-1.5168
-1.1309
1.7406
0.70414
-2.065
0.10116
1.9231
-0.99248
-1.7364
1.6801
0.79131
-2.0376
-0.12562
2.1382
-0.85375
-1.5442
1.2909
1.1134
-1.6815
-0.54719
1.9843
-0.2103
-1.6266
0.79131
1.4996
-1.4618
-1.0202
1.7103
0.47301
-1.9008
0.21511
1.8012
-0.90929
-1.5168
1.7406
0.9665
-2.0376
-0.12562
2.1382
-0.6589
-2.065
1.4697
1.3801
-1.9829
-0.49123
2.015
-0.18209
-1.846
0.9665
1.5897
-1.4618
-0.90929
1.8012
0.27224
-1.7364
0.32947
1.6198
-0.93703
-1.4618
1.4398
0.9665
-1.9008
-0.32291
1.9537
-0.6589
-1.7638
1.3801
1.3801
-1.9556
-0.71465
2.1691
-0.46322
-1.9008
1.0545
1.6198
-1.5717
-1.0202
1.9231
0.10116
-1.9282
0.67515
1.8012
-1.0202
-1.2137
1.6801
0.67515
-1.9556
0.10116
1.8926
-0.7425
-1.5717
1.3206
1.202
-1.7364
-0.77034
2.0457
-0.069062
-1.9556
0.82042
1.6499
-1.3792
-1.1309
2.0457
0.32947
-2.065
0.55947
1.9231
-1.1861
-1.5168
1.8316
0.67515
-2.1744
0.24366
1.7709
-1.0202
-1.5442
1.3503
0.84957
-1.5442
-0.32291
1.7406
-0.040749
-1.6815
0.84957
1.4398
-1.4618
-0.99248
1.8621
0.3868
-1.9556
0.44425
1.8621
-1.1861
-1.4067
1.7709
0.67515
-1.9556
0.10116
1.8621
-0.88153
-1.5168
1.5296
0.90797
-1.6815
-0.32291
2.015
-0.46322
-1.5717
1.084
1.2612
-1.4342
-0.82596
1.8621
0.21511
-1.7912
0.47301
1.6198
-0.90929
-1.3241
1.6198
0.90797
-2.229
-0.15387
2.1073
-0.93703
-1.3516
1.4996
1.084
-1.8734
-0.23848
2.2311
-0.51922
-1.9008
1.084
1.1724
-1.8186
-0.57514
1.7406
-0.12562
-1.5442
0.67515
1.5897
-1.2413
-1.1032
1.4697
0.5018
-1.6266
-0.040749
1.6801
-0.77034
-1.5717
1.1724
1.1134
-2.065
-0.35101
2.0457
-0.46322
-1.8186
1.0252
1.3801
-1.7638
-0.631
1.8926
-0.18209
-1.709
0.70414
1.3206
-1.3792
-0.85375
1.4996
0.24366
-1.6266
0.3868
1.5296
-0.6589
-1.1861
1.2612
0.93722
-1.5992
-0.18209
1.8926
-0.23848
-1.6815
0.90797
1.4398
-1.5442
-0.6589
1.8621
-0.012414
-2.0103
0.82042
1.7103
-1.3241
-0.90929
1.7103
0.30084
-1.9008
0.70414
1.5596
-0.93703
-1.3516
1.4099
0.84957
-1.7912
-0.18209
1.5596
-0.40715
-1.4618
1.1134
1.1429
-1.5168
-0.57514
1.7103
-0.069062
-1.6815
0.70414
1.5897
-1.5168
-1.1032
1.7406
0.44425
-1.9556
0.5018
1.7406
-0.99248
-1.3516
1.4996
0.67515
-1.6815
-0.040749
1.6198
-0.631
-1.2689
1.0545
0.84957
-1.5992
-0.4352
1.5596
0.10116
-1.6815
0.70414
1.202
-1.2413
-1.0479
1.6198
0.47301
-1.8734
0.32947
1.8926
-1.0202
-1.3792
1.4996
0.79131
-1.6815
-0.18209
1.9231
-0.82596
-1.5442
1.4398
1.1724
-1.5717
-0.35101
1.7406
-0.26664
-1.4067
0.93722
1.202
-1.2689
-0.68678
1.4996
0.18659
-1.5992
0.24366
1.5596
-0.96476
-1.2689
1.4697
0.5018
-1.7912
-0.29478
1.8012
-0.631
-1.5992
1.202
1.0252
-1.7638
-0.35101
1.8926
-0.23848
-1.4067
1.0252
1.1724
-1.4618
-0.6589
1.8012
-0.097352
-1.5168
0.47301
1.4099
-1.0202
-0.96476
1.5596
0.64618
-1.5168
-0.069062
1.7103
-0.71465
-1.4342
1.3801
1.084
-1.6541
-0.23848
1.8926
-0.18209
-1.6266
0.99581
1.4099
-1.5442
-0.82596
1.7103
0.015944
-1.8186
0.84957
1.5596
-1.1309
-1.0755
1.6198
0.55947
-1.6266
0.044325
1.3503
-0.631
-1.2413
1.202
0.67515
-1.4342
-0.54719
1.6198
-0.23848
-1.5168
0.79131
1.5296
-1.3516
-0.7425
1.8012
-0.040749
-1.7638
0.64618
1.7103
-1.2965
-0.96476
1.5596
0.41551
-1.7638
0.55947
1.8012
-1.1032
-1.2965
1.3206
0.47301
-1.6266
-0.12562
1.6801
-0.60308
-1.1861
0.82042
1.1134
-1.3792
-0.79816
1.3801
0.015944
-1.5168
0.55947
1.4996
-1.0202
-1.1032
1.5596
0.44425
-1.6815
0.10116
1.6198
-0.7425
-1.1309
1.2612
0.61725
-1.6815
0.044325
1.6801
-0.51922
-1.3516
1.202
0.93722
-1.2965
-0.32291
1.4996
-0.012414
-1.4067
0.70414
1.1134
-1.1309
-0.88153
1.3206
0.58834
-1.7364
0.12961
1.4996
-0.68678
-1.2413
1.4697
0.82042
-1.7364
-0.29478
1.7103
-0.40715
-1.4893
1.202
0.9665
-1.5442
-0.35101
1.6801
-0.15387
-1.5717
0.84957
1.1724
-1.1309
-0.68678
1.6499
0.32947
-1.4893
0.15809
1.4996
-0.82596
-1.2413
1.4697
0.9665
-1.4067
-0.12562
1.6198
-0.40715
-1.6541
1.2612
1.4099
-1.7364
-0.37909
1.9537
-0.29478
-1.6266
0.73316
1.0545
-1.3792
-0.7425
1.4697
0.044325
-1.5442
0.32947
1.2612
-0.85375
-0.96476
1.084
0.35812
-1.3516
-0.2103
1.4996
-0.51922
-1.6266
0.90797
0.93722
-1.4618
-0.51922
1.6801
-0.15387
-1.5992
0.64618
1.3503
-1.5168
-0.85375
1.7103
0.10116
-1.5442
0.55947
1.4099
-1.2413
-0.99248
1.5296
0.35812
-1.5442
-0.012414
1.2909
-0.46322
-1.0202
1.0252
0.84957
-1.3241
-0.29478
1.3801
-0.2103
-1.4067
0.44425
1.2909
-1.3516
-0.82596
1.4099
0.27224
-1.6266
0.61725
1.4099
-1.0755
-0.93703
1.4996
0.55947
-1.5992
0.55947
1.7103
-0.85375
-1.1585
1.1429
0.79131
-1.3241
-0.18209
1.4398
-0.35101
-1.2413
1.1429
1.0252
-1.0479
-0.68678
1.3503
0.27224
-1.4893
0.32947
1.3801
-0.88153
-1.1861
1.202
0.55947
-1.7364
0.12961
1.7406
-0.77034
-1.2413
1.202
0.67515
-1.846
0.015944
1.5596
-0.51922
-1.2413
1.1134
0.84957
-1.1585
-0.4352
1.4996
-0.26664
-1.4618
0.61725
0.90797
-0.7425
-0.85375
1.3206
0.5018
-1.3792
0.10116
1.5296
-0.631
-1.3241
1.2909
1.0252
-1.5992
-0.15387
1.6198
-0.71465
-1.3516
1.084
0.9665
-1.4067
-0.35101
1.6499
-0.15387
-1.4342
0.70414
0.90797
-1.0755
-0.79816
1.3503
0.044325
-1.2137
0.30084
0.99581
-0.68678
-1.2689
1.3206
0.55947
-1.3516
-0.18209
1.2612
-0.49123
-1.5992
0.90797
1.2316
-1.4342
-0.54719
1.5296
-0.23848
-1.5992
0.90797
1.2316
-1.2137
-0.631
1.3801
0.27224
-1.4618
0.21511
1.4398
-0.88153
-0.90929
1.3206
0.73316
-1.2965
-0.040749
1.3206
-0.46322
-1.1309
0.87876
0.79131
-1.2965
-0.51922
1.4398
-0.18209
-1.5168
0.73316
1.3503
-1.1861
-0.57514
1.4996
0.24366
-1.6541
0.44425
1.4398
-0.90929
-1.0202
1.2909
0.30084
-1.4618
0.24366
1.4099
-0.57514
-1.2413
0.9665
0.67515
-1.0202
-0.40715
1.2909
-0.29478
-1.2413
0.55947
1.0545
-0.93703
-0.79816
1.4398
0.35812
-1.6815
0.3868
1.2612
-1.0755
-1.0202
1.4996
0.3868
-1.5168
0.21511
1.3801
-0.90929
-1.4067
1.0545
0.44425
-1.4618
-0.012414
1.4099
-0.15387
-1.1861
0.67515
1.084
-1.1309
-0.46322
1.202
0.12961
-1.3241
0.30084
1.2316
-0.85375
-0.99248
1.1429
0.67515
-1.4893
-0.040749
1.4398
-0.7425
-1.1585
0.99581
0.79131
-1.3516
-0.12562
1.4398
-0.57514
-1.3792
0.70414
0.82042
-1.1861
-0.32291
1.2612
-0.2103
-1.2413
0.5018
1.0252
-0.79816
-0.79816
1.2612
0.32947
-1.0755
0.10116
1.202
-0.4352
-1.1585
0.93722
0.90797
-1.3241
-0.2103
1.5596
-0.46322
-1.2965
0.9665
1.0545
-1.0755
-0.35101
1.4398
-0.12562
-1.4618
0.76222
1.0252
-1.0479
-0.631
1.2612
0.015944
-1.1861
0.27224
0.99581
-0.79816
-1.1309
0.87876
0.55947
-1.1032
-0.18209
1.1429
-0.35101
-1.1585
0.93722
0.9665
-1.1309
-0.51922
1.3801
-0.15387
-1.5168
0.47301
1.2612
-1.0755
-0.88153
1.2612
0.10116
-1.3516
0.3868
1.1429
-0.7425
-0.85375
0.99581
0.3868
-1.2965
-0.18209
1.2316
-0.4352
-1.0202
0.73316
0.90797
-0.96476
-0.54719
1.1429
0.015944
-1.1861
0.44425
1.0545
-1.0479
-0.79816
1.4398
0.3868
-1.4067
0.44425
1.3206
-0.93703
-0.96476
1.3801
0.53062
-1.3241
0.12961
1.2612
-0.54719
-0.99248
1.084
0.73316
-1.2413
-0.23848
1.2612
-0.23848
-1.0755
0.58834
0.90797
-0.99248
-0.68678
1.2612
0.27224
-1.3241
0.24366
1.4697
-0.57514
-1.0479
1.2316
0.3868
-1.3516
0.15809
1.4398
-0.51922
-1.1861
1.084
0.58834
-1.1861
-0.23848
1.2612
-0.32291
-1.0202
0.64618
0.55947
-1.0755
-0.40715
1.202
-0.012414
-1.2413
0.32947
1.084
-0.631
-1.0479
1.084
0.35812
-1.2413
0.044325
1.4099
-0.49123
-1.3241
0.9665
0.67515
-1.4342
-0.40715
1.5296
-0.35101
-1.2413
0.76222
0.90797
-1.2413
-0.35101
1.2612
-0.12562
-1.2689
0.55947
0.87876
-0.93703
-0.7425
1.3503
0.24366
-1.2413
0.12961
0.9665
-0.46322
-0.96476
0.79131
0.67515
-1.3516
-0.40715
1.3206
-0.32291
-1.2965
0.76222
1.1429
-1.0202
-0.40715
1.4996
-0.012414
-1.3516
0.41551
1.1429
-0.85375
-0.7425
1.3206
0.15809
-1.2689
0.32947
1.0545
-0.46322
-0.96476
0.90797
0.79131
-1.2965
-0.097352
1.2316
-0.15387
-1.2413
0.5018
0.73316
-0.96476
-0.54719
1.3503
-0.069062
-1.2965
0.53062
1.202
-0.99248
-0.51922
1.4398
0.32947
-1.3516
0.47301
1.3206
-0.7425
-0.82596
1.1429
0.32947
-1.1032
0.15809
1.2612
-0.40715
-0.96476
0.76222
0.64618
-0.90929
-0.57514
1.0545
0.044325
-1.1861
0.64618
1.1724
-0.85375
-0.96476
1.202
0.41551
-1.3241
0.18659
1.1429
-0.93703
-1.0479
1.1429
0.47301
-1.3792
-0.012414
1.3206
-0.40715
-1.0755
1.1134
0.70414
-1.1032
-0.35101
1.084
-0.32291
-1.1309
0.70414
0.73316
-0.82596
-0.77034
1.2316
0.27224
-1.1585
0.27224
0.99581
-0.68678
-0.85375
0.99581
0.64618
-1.2965
-0.012414
1.3206
-0.631
-0.93703
1.1429
0.73316
-1.2413
-0.23848
1.4398
-0.29478
-1.0755
0.67515
0.76222
-0.99248
-0.57514
1.1724
-0.15387
-1.0755
0.30084
0.93722
-0.54719
-1.0202
0.93722
0.35812
-1.2965
0.044325
1.2909
-0.46322
-1.2413
0.93722
0.76222
-1.0755
-0.18209
1.4996
-0.18209
-0.99248
0.87876
0.93722
-0.96476
-0.23848
1.2612
0.044325
-1.1032
0.55947
1.0252
-0.90929
-0.631
0.9665
0.3868
-0.90929
-0.097352
1.202
-0.18209
-0.96476
0.70414
0.61725
-1.0479
-0.37909
1.1429
-0.097352
-1.2965
0.79131
1.084
-1.1309
-0.631
1.3503
-0.040749
-1.3516
0.47301
1.3206
-1.1032
-0.68678
1.1724
0.10116
-1.0479
0.3868
1.0545
-0.90929
-0.85375
0.73316
0.35812
-1.2965
-0.069062
1.0252
-0.23848
-1.0479
0.55947
0.82042
-1.1032
-0.54719
1.3206
-0.12562
-1.3516
0.44425
0.93722
-0.96476
-0.90929
1.1134
0.30084
-1.3241
0.21511
1.202
-0.77034
-0.79816
1.1429
0.44425
-1.1861
0.044325
1.1429
-0.23848
-0.85375
0.67515
0.70414
-1.0479
-0.46322
1.1429
-0.012414
-1.1861
0.5018
0.73316
-0.90929
-0.68678
1.202
0.27224
-1.4067
0.21511
1.2612
-0.631
-0.96476
1.1134
0.67515
-1.2413
0.015944
1.3206
-0.68678
-0.90929
0.90797
0.84957
-1.1032
-0.2103
1.0545
-0.2103
-1.1585
0.5018
0.93722
-0.7425
-0.51922
1.084
0.21511
-1.2689
0.10116
1.0252
-0.51922
-1.0202
1.084
0.47301
-1.3516
-0.069062
1.202
-0.4352
-1.0755
0.76222
0.82042
-1.1309
-0.29478
1.4398
-0.15387
-1.0202
0.61725
0.84957
-1.0202
-0.46322
0.93722
0.015944
-1.1309
0.3868
0.73316
-0.7425
-0.57514
0.82042
0.67515
-1.0202
-0.32291
1.1724
-0.46322
-1.1309
0.73316
0.9665
-1.3241
-0.29478
1.2612
-0.12562
-1.0202
0.55947
0.90797
-1.2689
-0.631
1.3206
-0.26664
-1.2689
0.41551
0.90797
-0.631
-0.60308
1.0252
0.21511
-1.1309
0.10116
1.0545
-0.60308
-0.85375
0.70414
0.64618
-0.99248
-0.32291
0.9665
-0.012414
-1.1032
0.53062
1.0252
-1.1032
-0.4352
1.2316
-0.097352
-1.3516
0.55947
0.9665
-0.82596
-0.7425
1.0252
0.27224
-1.2137
0.27224
1.0252
-0.79816
-0.60308
0.79131
0.3868
-0.90929
-0.012414
1.0252
-0.35101
-1.1309
0.61725
0.84957
-0.85375
-0.40715
0.90797
0.10116
-1.2137
0.32947
0.93722
-0.68678
-0.7425
0.93722
0.30084
-1.2413
0.27224
1.1429
-0.7425
-0.54719
0.9665
0.61725
-1.1032
-0.15387
1.0252
-0.49123
-0.93703
0.84957
0.73316
-0.68678
-0.32291
1.1429
0.044325
-0.96476
0.3868
0.87876
-0.85375
-0.631
0.79131
0.27224
-1.1585
0.21511
0.9665
-0.631
-0.82596
0.73316
0.61725
-1.1309
-0.069062
1.3801
-0.35101
-0.90929
0.90797
0.79131
-0.99248
-0.26664
1.084
-0.4352
-0.93703
0.55947
0.70414
-0.85375
-0.26664
1.1134
0.18659
-1.2413
0.15809
0.82042
-0.46322
-0.71465
0.9665
0.55947
-1.0755
-0.32291
1.0252
-0.57514
-0.96476
0.58834
0.84957
-1.2413
-0.35101
1.2316
-0.12562
-1.1585
0.61725
0.82042
-0.99248
-0.40715
1.1429
0.072729
-0.93703
0.015944
1.0545
-0.85375
-0.88153
0.70414
0.53062
-0.93703
-0.040749
0.87876
-0.069062
-0.99248
0.67515
0.84957
-0.90929
-0.35101
1.0252
-0.012414
-1.1309
0.47301
1.0252
-0.77034
-0.6589
1.1429
0.015944
-1.1861
0.24366
0.90797
-0.90929
-0.49123
0.9665
0.12961
-1.0202
0.12961
1.084
-0.4352
-0.82596
0.67515
0.3868
-0.85375
-0.12562
0.99581
-0.097352
-1.1309
0.32947
0.79131
-0.82596
-0.49123
1.1134
0.18659
-1.4618
0.44425
1.0252
-0.90929
-0.82596
1.084
0.21511
-1.1309
0.21511
1.084
-0.631
-0.7425
0.79131
0.5018
-0.88153
0.015944
0.79131
-0.18209
-0.82596
0.67515
0.67515
-0.85375
-0.40715
1.084
-0.012414
-0.90929
0.21511
1.084
-0.631
-0.71465
0.90797
0.27224
-1.3516
-0.012414
0.93722
-0.57514
-0.96476
0.84957
0.41551
-1.2413
-0.15387
0.9665
-0.54719
-1.0755
0.82042
0.73316
-0.7425
-0.29478
0.9665
-0.15387
-0.90929
0.44425
0.87876
-0.60308
-0.631
0.84957
0.21511
-1.1032
-0.069062
0.9665
-0.37909
-0.88153
0.79131
0.67515
-1.1309
-0.040749
1.3801
-0.35101
-0.7425
0.76222
0.67515
-1.0202
-0.35101
1.084
-0.35101
-1.0202
0.61725
0.93722
-0.60308
-0.29478
0.90797
0.015944
-0.96476
0.21511
0.84957
-0.40715
-0.7425
0.79131
0.47301
-1.0202
-0.12562
0.9665
-0.12562
-0.96476
0.73316
0.84957
-1.1032
-0.29478
1.084
-0.15387
-1.1032
0.44425
0.93722
-0.90929
-0.51922
1.1429
-0.012414
-1.0202
0.47301
0.84957
-0.51922
-0.631
0.90797
0.5018
-0.88153
-0.012414
0.84957
-0.18209
-0.79816
0.55947
0.47301
-0.77034
-0.37909
1.0252
0.072729
-1.1309
0.35812
0.99581
-0.90929
-0.57514
1.1429
0.18659
-1.0202
0.27224
1.084
-0.82596
-0.77034
0.79131
0.32947
-1.2413
0.21511
0.9665
-0.46322
-0.79816
0.67515
0.5018
-0.79816
-0.40715
0.73316
-0.040749
-0.90929
0.27224
0.61725
-0.51922
-0.29478
0.90797
0.32947
-1.1309
0.24366
1.202
-0.7425
-0.85375
0.87876
0.3868
-1.1032
-0.012414
1.0252
-0.54719
-0.68678
0.87876
0.5018
-0.82596
0.015944
0.9665
-0.12562
-0.96476
0.5018
0.58834
-0.71465
-0.51922
0.67515
0.21511
-0.96476
0.27224
0.90797
-0.40715
-0.6589
0.99581
0.5018
-1.1309
0.015944
1.1429
-0.49123
-1.0202
0.61725
0.82042
-1.1309
-0.15387
0.90797
-0.15387
-0.93703
0.73316
0.73316
-0.7425
-0.32291
0.9665
-0.012414
-0.85375
0.12961
0.64618
-0.68678
-0.57514
0.76222
0.55947
-0.77034
-0.012414
1.1429
-0.26664
-0.7425
0.67515
0.73316
-1.0479
-0.35101
1.0545
-0.097352
-0.96476
0.64618
0.79131
-0.90929
-0.18209
1.1134
-0.18209
-0.93703
0.35812
0.76222
-0.51922
-0.4352
0.93722
0.015944
-0.90929
-0.012414
0.84957
-0.49123
-0.631
0.67515
0.55947
-0.96476
-0.040749
0.73316
-0.29478
-1.0202
0.3868
0.84957
-0.7425
-0.35101
1.084
-0.012414
-1.1861
0.47301
1.0252
-0.7425
-0.51922
1.0545
0.015944
-1.0202
0.27224
0.93722
-0.6589
-0.7425
0.82042
0.5018
-0.85375
-0.097352
1.0252
-0.15387
-0.77034
0.70414
0.73316
-0.79816
-0.57514
0.90797
0.015944
-0.93703
0.44425
0.93722
-0.631
-0.57514
0.90797
0.44425
-1.0479
0.24366
0.9665
-0.60308
-0.68678
0.87876
0.3868
-0.90929
-0.040749
0.87876
-0.29478
-0.68678
0.79131
0.64618
-0.85375
-0.040749
0.90797
0.015944
-0.631
0.47301
0.67515
-0.71465
-0.60308
0.55947
0.27224
-1.1032
0.044325
1.084
-0.60308
-0.85375
0.61725
0.47301
-1.1309
-0.040749
1.2316
-0.46322
-0.85375
0.84957
0.55947
-1.0755
-0.040749
0.90797
-0.2103
-1.1309
0.3868
0.67515
-0.6589
-0.32291
0.84957
0.072729
-0.96476
0.30084
0.84957
-0.32291
-0.82596
0.61725
0.55947
-0.96476
-0.069062
1.0252
-0.46322
-0.93703
0.82042
0.64618
-0.96476
-0.23848
0.9665
-0.18209
-1.0755
0.55947
0.61725
-0.90929
-0.49123
0.9665
-0.12562
-0.68678
0.21511
0.61725
-0.46322
-0.6589
0.73316
0.3868
-0.79816
-0.012414
0.87876
-0.12562
-0.7425
0.67515
0.64618
-1.0755
-0.4352
0.9665
-0.26664
-0.99248
0.3868
0.84957
-0.82596
-0.29478
1.0252
-0.069062
-1.0755
0.32947
0.84957
-0.90929
-0.46322
0.67515
0.10116
-0.85375
0.24366
0.79131
-0.4352
-0.57514
0.64618
0.3868
